#min-Testmpsc,	 Operationen: 1048576
#t	SpinQueue	TLSpinQueue	MutexQueue	TLMutexQueue	MSQueue	MPSCQueue	
1	2059	709	1110	779	735	774	
2	1642	871	925	804	882	641	
4	2332	1742	1258	937	1056	590	
8	4462	2672	826	929	2038	565	
12	6438	3856	739	892	2765	543	
16	7188	5528	688	833	3603	501	
20	7695	6637	675	829	4320	539	
24	9140	8230	680	910	4831	540	
28	11377	9594	780	941	5378	510	
32	12307	10876	673	1029	5743	483	
36	13166	12316	683	990	5940	485	
40	11970	12530	734	930	6638	521	
44	12005	11173	675	1000	6753	504	
48	11481	11620	737	960	7212	508	
