#avg-Testround,	Inhalt = Threads * 50%	 Operationen: 1048576
#t	SpinQueue	TLSpinQueue	MutexQueue	TLMutexQueue	MSQueue	
32	2154	9817	285	239	6078	
36	2454	12613	286	242	6486	
40	3237	12875	284	265	6223	
44	4367	12472	311	282	6298	
48	5353	11637	338	302	6537	
52	4213	12095	344	314	6420	
56	4800	11629	336	341	6647	
60	4622	11624	344	338	6419	
64	4596	10820	345	348	6374	
68	4253	11188	357	358	6354	
72	4100	11699	358	351	6405	
76	4014	11451	346	357	6618	
80	4065	11286	352	365	6414	
84	3915	10948	360	377	6291	
88	3943	11488	363	400	6537	
92	4305	12139	371	398	6494	
96	4577	12358	362	397	6516	
