#avg-Testround,	Inhalt = Threads * 100%	 Operationen: 1048576
#t	SpinQueue	TLSpinQueue	MutexQueue	TLMutexQueue	MSQueue	
1	33	33	71	70	56	
2	140	243	219	263	514	
4	306	1204	1147	699	608	
8	428	2191	811	1016	1537	
12	809	3441	734	1021	2376	
16	987	4549	787	1002	3169	
20	1131	5760	746	969	4007	
24	1576	6928	783	969	4792	
28	1784	8120	785	957	5489	
32	2243	9691	789	984	6210	
36	3907	12563	807	960	7348	
40	4922	12240	828	963	6281	
44	4675	11815	861	1014	6533	
48	4977	11952	872	1035	7055	
52	5367	11928	912	1155	7000	
56	5155	11044	971	1082	7243	
60	4876	11712	1006	1126	7294	
64	5475	11693	1020	1196	7486	
68	4768	9960	1069	1244	7068	
72	4786	11646	1068	1268	7153	
76	4860	9904	1096	1281	7371	
80	4777	10374	1153	1392	7012	
84	4538	11418	1160	1364	7338	
88	5136	10509	1137	1354	6929	
92	4845	11460	1185	1366	7527	
96	5095	11489	1189	1475	7449	
