#min-Testmpmc,	 Operationen: 1048576
#t	SpinQueue	TLSpinQueue	MutexQueue	TLMutexQueue	MSQueue	
1	1429	611	971	709	712	
2	2685	1159	1516	1066	1039	
4	4947	2576	1294	1297	1849	
8	10546	2644	1206	1149	3327	
12	14998	3940	1199	1089	5034	
16	20889	5748	1120	1092	6270	
20	24000	7046	1379	1111	6185	
24	32404	7633	1216	1132	5939	
28	37681	8070	1324	1166	6080	
32	35288	8973	1345	1168	6138	
36	33563	7871	1309	1236	6003	
40	30073	7767	1344	1207	5577	
44	31244	8782	1328	1210	5672	
48	25285	8988	1392	1339	5878	
52	24200	8309	1428	1348	6063	
56	23625	7587	1444	1363	6195	
60	23472	7661	1351	1303	6702	
64	23316	5945	1344	1285	5989	
68	20707	4343	1711	1279	6371	
72	23903	12684	1397	1296	5041	
76	23036	6900	1404	1292	5959	
80	23099	5207	1371	1278	6008	
84	23576	6601	1328	1289	6114	
88	23591	6075	1426	1302	5134	
92	23047	6343	1376	1451	6649	
96	22854	5599	1337	1373	5937	
