#avg-Testmpmc,	 Operationen: 1048576
#t	SpinQueue	TLSpinQueue	MutexQueue	TLMutexQueue	MSQueue	
1	1529	635	995	787	717	
2	2802	1168	1606	1088	1046	
4	5005	2604	1340	1390	1865	
8	11233	4507	1229	1212	3516	
12	16132	4019	1233	1126	5227	
16	21929	6537	1203	1131	6621	
20	27409	7965	1461	1148	7268	
24	41715	8827	1435	1202	6955	
28	45514	9222	1416	1242	6880	
32	47275	10157	1476	1234	7563	
36	46080	9271	1602	1289	7396	
40	49461	9728	1539	1384	7276	
44	46973	10105	1541	1452	7208	
48	39696	10688	1580	1390	7108	
52	34173	10495	1544	1470	7545	
56	32731	10104	1593	1499	7612	
60	30467	10381	1568	1501	7544	
64	33526	8460	1540	1369	6961	
68	26747	8648	1796	1493	6987	
72	37365	13729	1548	1428	7250	
76	37758	8489	1574	1492	7196	
80	38262	7507	1574	1442	7373	
84	34115	8467	1400	1374	7297	
88	27937	8100	1652	1549	7031	
92	33420	7547	1671	1577	7475	
96	36234	8042	1541	1614	7229	
