#avg-Testmpsc,	 Operationen: 1048576
#t	SpinQueue	TLSpinQueue	MutexQueue	TLMutexQueue	MSQueue	MPSCQueue	
1	2650	729	1151	785	742	779	
2	1709	880	1015	826	913	643	
4	2387	1761	1411	985	1142	597	
8	4582	2721	969	966	2101	575	
12	6534	3961	874	911	2925	549	
16	8063	5607	826	876	3781	504	
20	8021	6911	845	898	4730	543	
24	10351	8344	838	975	5104	544	
28	12659	9686	837	999	5787	534	
32	12731	11034	805	1143	6907	538	
36	13631	12710	756	1101	7018	543	
40	13137	13483	816	1056	8110	555	
44	12705	11826	822	1132	7927	555	
48	12435	12018	823	1126	7844	559	
