#avg-Testround,	Inhalt = Threads * 50%	 Operationen: 1048576
#t	SpinQueue	TLSpinQueue	MutexQueue	TLMutexQueue	MSQueue	
1	32	32	68	67	56	
2	203	557	220	223	358	
3	278	1032	1225	345	671	
4	470	963	1002	582	1017	
5	466	1349	1130	597	1061	
6	656	2141	721	633	1335	
7	528	1901	453	537	1490	
8	723	1917	423	462	1749	
9	637	2206	367	340	1994	
10	839	2685	365	380	2141	
11	945	2885	344	346	2253	
12	871	2952	350	319	2412	
13	880	3447	340	306	2572	
14	961	3295	326	274	2764	
15	1029	3914	320	309	2974	
16	1123	4181	317	301	3179	
17	1222	4641	309	296	3376	
18	1217	4807	303	265	3509	
19	1327	4883	298	266	3621	
20	1472	5162	296	262	3826	
21	1491	5497	297	262	4012	
22	1733	5897	290	258	4185	
23	1683	5917	286	251	4358	
24	1743	6136	285	269	4534	
25	1870	6420	280	256	4657	
26	2363	6790	282	247	4858	
27	2054	6975	281	244	5038	
28	2371	7268	274	241	5204	
29	2333	7924	271	239	5340	
30	2367	7867	276	239	5560	
31	2514	8057	273	239	5716	
32	2454	8375	274	238	5979	
33	2513	9089	276	237	6179	
34	2609	9297	279	245	6378	
35	2522	9682	268	245	6288	
36	2642	10326	274	246	6226	
37	2748	10417	270	250	6120	
38	2766	10193	270	247	5967	
39	3315	10097	271	250	5839	
