#avg-Testround,	Inhalt = Threads * 200%	 Operationen: 1048576
#t	SpinQueue	TLSpinQueue	MutexQueue	TLMutexQueue	MSQueue	
1	32	33	70	70	56	
2	589	608	232	431	347	
4	177	1176	1302	1093	554	
8	472	2157	1072	1178	1043	
12	752	3421	1008	1117	1445	
16	1564	4677	1006	1112	1952	
20	1188	5906	958	1075	2395	
24	1507	7003	961	1060	2897	
28	1896	8260	960	1071	3400	
32	2890	9248	970	1080	5090	
36	3450	10969	1002	1082	7047	
40	4905	10152	1035	1152	6848	
44	4871	11820	1072	1201	6460	
48	5695	10409	1067	1215	6870	
52	5432	12527	1087	1235	7030	
56	5758	12025	1103	1243	6728	
60	5077	10436	1114	1275	7419	
64	4949	11910	1127	1296	7682	
68	4839	10714	1142	1341	7666	
72	4892	11335	1154	1337	7370	
76	5226	10910	1207	1372	7128	
80	4677	11903	1182	1413	7865	
84	4714	10032	1207	1502	7222	
88	4890	10508	1228	1425	8137	
92	5201	11289	1272	1489	7746	
96	5553	11074	1279	1449	7755	
