#min-Testmpsc,	 Operationen: 1048576
#t	SpinQueue	TLSpinQueue	MutexQueue	TLMutexQueue	MSQueue	MPSCQueue	
1	54840	166	384	192	154	179	
2	699	456	392	365	473	331	
3	650	531	498	340	529	388	
4	431	415	499	413	524	363	
5	461	387	610	437	553	379	
6	442	394	622	675	548	379	
7	444	407	844	787	583	377	
8	427	396	819	789	580	385	
9	445	450	792	922	551	377	
10	422	398	801	718	576	389	
11	432	391	827	781	577	376	
12	406	395	832	692	597	389	
13	419	399	821	737	578	376	
14	406	392	808	680	577	384	
15	411	394	777	671	578	318	
16	393	392	771	681	601	385	
