#avg-Testmpmc,	 Operationen: 1048576
#t	SpinQueue	TLSpinQueue	MutexQueue	TLMutexQueue	MSQueue	MPSCQueue	
1	13685	174	512	197	155	
2	1362	795	875	409	573	
3	1254	556	1184	398	569	
4	894	578	1289	555	563	
5	836	395	1247	475	543	
6	952	368	1297	588	552	
7	1291	364	1328	630	570	
8	1262	355	1254	739	575	
9	1347	373	1251	587	581	
10	1168	508	1296	607	564	
11	1002	366	1299	609	569	
12	897	364	1275	660	578	
13	915	424	1313	613	576	
14	983	394	1309	684	578	
15	1024	504	1300	613	571	
16	1039	513	1304	649	577	
