#avg-Testmpsc,	 Operationen: 1048576
#t	SpinQueue	TLSpinQueue	MutexQueue	TLMutexQueue	MSQueue	MPSCQueue	
1	175461	172	486	193	155	181	
2	1122	460	658	402	474	332	
3	687	574	593	420	530	389	
4	545	517	644	590	557	372	
5	479	426	842	619	581	381	
6	475	426	868	872	584	381	
7	463	419	869	890	587	381	
8	441	414	876	941	597	387	
9	460	461	817	1028	596	379	
10	431	419	824	843	604	390	
11	450	419	856	867	610	377	
12	421	409	855	819	612	390	
13	432	415	833	875	612	378	
14	425	406	839	807	615	386	
15	430	404	801	766	617	374	
16	409	405	800	792	624	386	
