#avg-Testmpmc,	 Operationen: 1048576
#t	SpinQueue	TLSpinQueue	MutexQueue	TLMutexQueue	MSQueue	TransQueue	TLTransQueue	MPSCQueue	
1	61	86	146	84	149	176	1108	
2	115	111	284	168	170	373	25377	
3	136	115	307	200	194	558	489	
4	142	116	305	207	201	730	593	
5	151	112	306	204	189	674	517	
6	174	109	304	209	175	470	543	
7	178	110	303	211	185	481	542	
8	147	104	290	195	185	391	592	
9	142	112	298	208	186	674	643	
10	141	104	305	197	185	681	650	
11	141	111	307	214	180	682	653	
12	142	110	302	215	171	662	661	
13	141	111	317	215	176	633	656	
14	145	104	315	201	189	691	652	
15	159	111	310	217	185	677	656	
16	155	111	312	215	186	677	654	
