#avg-Testmpsc,	 Operationen: 1048576
#t	SpinQueue	TLSpinQueue	MutexQueue	TLMutexQueue	MSQueue	TransQueue	TLTransQueue	MPSCQueue	
1	73	88	141	118	150	261	107	98	
2	84	102	235	156	163	244	239	104	
3	96	109	219	187	180	460	440	99	
4	98	106	213	212	183	427	395	112	
5	97	107	225	243	172	625	508	119	
6	101	106	220	221	173	771	1005	129	
7	101	104	214	231	170	1004	1189	129	
8	103	104	213	229	172	1242	1232	141	
9	103	103	209	226	174	1226	1230	141	
10	103	105	210	245	172	1207	1239	144	
11	102	102	210	252	175	1203	1247	140	
12	102	99	205	223	183	1185	1214	143	
13	102	98	202	232	182	1191	1159	146	
14	102	98	198	223	182	1125	1120	145	
15	100	99	199	228	186	1162	1132	141	
16	99	98	200	236	182	1208	1124	136	
