#min-Testmpsc,	 Operationen: 1048576
#t	SpinQueue	TLSpinQueue	MutexQueue	TLMutexQueue	MSQueue	TransQueue	TLTransQueue	MPSCQueue	
1	63	85	133	112	127	109	85	64	
2	80	100	230	153	156	210	218	101	
3	90	108	207	177	179	453	394	97	
4	88	104	204	206	183	419	289	109	
5	88	103	219	229	167	516	379	115	
6	101	101	216	219	172	714	641	127	
7	100	103	211	228	169	984	974	126	
8	101	104	211	227	170	1184	1189	138	
9	102	102	206	220	172	1169	1180	138	
10	101	98	208	241	166	1159	1177	138	
11	100	97	208	248	170	1157	1173	133	
12	100	93	203	221	172	1158	1171	131	
13	92	91	199	220	169	1157	938	140	
14	98	93	197	211	170	927	896	132	
15	92	92	197	201	170	1090	1087	133	
16	92	93	198	202	171	1180	944	123	
