#avg-Testround,	Inhalt = Threads * 50%	 Operationen: 1048576
#t	SpinQueue	TLSpinQueue	MutexQueue	TLMutexQueue	MSQueue	TransQueue	TLTransQueue	
1	16	15	54	53	32	43	45	
2	42	35	83	179	168	57	107	
3	31	80	322	196	137	185	266	
4	45	94	357	219	171	296	396	
5	43	86	308	177	148	210	486	
6	54	82	387	211	156	330	557	
7	58	93	335	178	154	305	502	
8	73	86	347	222	162	330	675	
9	62	87	327	183	166	307	666	
10	61	81	340	188	164	390	564	
11	55	80	317	179	162	299	628	
12	54	75	327	185	163	394	646	
13	49	73	311	184	163	313	691	
14	49	76	315	182	165	449	626	
15	46	74	297	188	164	475	558	
16	48	70	306	197	164	371	526	
