#avg-Testround,	Inhalt = Threads * 100%	 Operationen: 1048576
#t	SpinQueue	TLSpinQueue	MutexQueue	TLMutexQueue	MSQueue	TransQueue	TLTransQueue	
1	16	15	54	54	32	43	45	
2	24	40	184	137	107	122	106	
3	33	89	286	164	133	88	254	
4	41	114	289	160	161	205	443	
5	41	95	286	149	156	332	485	
6	45	97	296	150	155	427	621	
7	55	107	276	156	164	484	609	
8	58	100	279	158	166	614	568	
9	58	86	282	166	157	753	697	
10	56	88	279	165	166	682	647	
11	52	79	274	167	162	765	668	
12	52	84	285	171	161	750	807	
13	63	79	268	171	163	709	536	
14	53	71	274	175	174	684	499	
15	49	72	265	174	166	702	477	
16	51	74	281	176	162	788	443	
