#min-Testmpmc,	 Operationen: 1048576
#t	SpinQueue	TLSpinQueue	MutexQueue	TLMutexQueue	MSQueue	TransQueue	TLTransQueue	MPSCQueue	
1	57	84	137	84	140	106	107	
2	111	109	271	165	148	324	17213	
3	129	110	298	189	181	438	455	
4	141	115	297	190	194	622	576	
5	145	109	300	194	177	556	329	
6	143	106	300	197	147	122	333	
7	138	106	294	190	135	113	272	
8	142	100	285	180	160	180	263	
9	138	110	287	189	162	494	556	
10	140	101	291	171	161	600	608	
11	136	110	291	201	146	573	576	
12	135	109	291	199	142	546	594	
13	138	110	300	193	160	513	605	
14	135	100	301	178	170	607	613	
15	137	110	297	203	167	601	622	
16	132	109	299	187	155	615	609	
