#avg-Testround,	Inhalt = Threads * 200%	 Operationen: 1048576
#t	SpinQueue	TLSpinQueue	MutexQueue	TLMutexQueue	MSQueue	TransQueue	TLTransQueue	
1	18	15	52	54	32	43	45	
2	24	46	158	133	117	94	98	
3	34	99	273	175	134	200	295	
4	44	117	305	165	151	237	446	
5	54	103	308	168	148	267	529	
6	56	99	292	158	159	356	525	
7	64	98	293	164	156	485	585	
8	68	104	284	171	158	578	736	
9	67	96	298	165	173	607	702	
10	65	84	292	171	165	691	725	
11	75	83	294	170	164	708	706	
12	59	88	288	176	168	685	709	
13	57	86	287	178	170	709	747	
14	61	77	278	180	167	758	865	
15	59	83	293	184	171	728	897	
16	57	83	286	184	174	768	872	
