#Testround,	Inhalt = Threads * 100%	 Operationen: 33554432
#t	SpinQueue	TLSpinQueue	MutexQueue	TLMutexQueue	MSQueue	TransQueue	TLTransQueue	
1	517	491	1737	1750	1017	1393	1455	
2	785	1112	5518	4474	3498	3374	2077	
3	947	2751	8909	5785	4286	4168	4614	
4	1212	3210	9564	5270	5031	2740	10646	
5	1237	2562	8342	5127	4837	7605	11036	
6	1520	3477	8912	4869	4977	14508	14803	
7	1709	3476	9162	4957	5116	16760	12031	
8	1932	3058	8762	5133	5159	20302	14328	
9	1881	3045	9198	5197	5439	23148	13441	
10	1919	3118	9115	5196	5195	22896	15312	
11	1895	3095	8548	5246	5256	23153	13236	
